0 120
0 160
20 120
20 160
20 180
20 200
20 220
40 120
40 160
40 180
40 220
40 280
40 300
40 320
40 340
40 360
40 380
40 400
40 420
40 440
40 460
40 480
40 500
40 520
60 120
60 140
60 160
60 180
60 220
60 280
60 520
60 720
60 740
60 760
80 180
80 220
80 280
80 300
80 320
80 340
80 360
80 380
80 400
80 420
80 440
80 460
80 480
80 500
80 520
80 720
80 760
100 180
100 220
100 720
100 760
120 0
120 20
120 40
120 60
120 180
120 220
120 720
120 760
140 60
140 180
140 220
140 720
140 760
160 0
160 20
160 40
160 60
160 180
160 220
160 720
160 760
180 180
180 220
180 400
180 420
180 440
180 460
180 480
180 500
180 520
180 600
180 620
180 640
180 720
180 760
200 180
200 220
200 400
200 520
200 600
200 640
200 720
200 760
220 180
220 200
220 220
220 400
220 440
220 460
220 480
220 500
220 520
220 600
220 640
220 720
220 760
240 400
240 440
240 600
240 640
240 720
240 760
260 400
260 440
260 600
260 640
260 720
260 760
280 140
280 160
280 180
280 400
280 440
280 600
280 640
280 720
280 760
300 140
300 180
300 400
300 440
300 600
300 640
300 720
300 760
320 140
320 180
320 280
320 300
320 320
320 400
320 440
320 600
320 640
320 720
320 760
340 140
340 180
340 280
340 320
340 400
340 420
340 440
340 600
340 640
340 720
340 760
360 140
360 180
360 280
360 300
360 320
360 600
360 640
360 720
360 740
360 760
380 140
380 180
380 600
380 620
380 640
400 140
400 180
420 140
420 180
440 140
440 180
460 140
460 180
460 260
460 280
460 300
460 320
460 340
460 360
460 380
460 400
460 420
460 440
460 460
460 560
460 580
460 600
460 620
460 640
460 660
460 680
460 700
460 720
460 740
460 760
460 780
480 140
480 180
480 260
480 460
480 560
480 780
500 140
500 160
500 180
500 260
500 280
500 300
500 320
500 340
500 360
500 380
500 400
500 420
500 440
500 460
500 560
500 580
500 600
500 620
500 640
500 660
500 680
500 700
500 720
500 740
500 760
500 780
520 40
520 60
520 80
540 40
540 80
560 40
560 80
580 40
580 80
600 40
600 80
620 40
620 80
620 140
620 160
620 180
620 200
620 220
620 240
620 260
620 280
620 300
620 320
620 340
620 360
640 40
640 80
640 140
640 360
640 520
640 540
640 560
640 580
640 600
640 620
640 740
640 760
640 780
660 40
660 80
660 140
660 160
660 180
660 200
660 220
660 240
660 260
660 280
660 300
660 320
660 340
660 360
660 520
660 620
660 740
660 780
680 40
680 80
680 520
680 560
680 580
680 600
680 620
680 740
680 760
680 780
700 40
700 60
700 80
700 520
700 560
720 520
720 540
720 560
740 280
740 300
740 320
760 280
760 320
780 280
780 320
780 400
780 420
780 440
780 680
780 700
780 720
780 740
780 760
780 780
800 40
800 60
800 80
800 100
800 120
800 140
800 160
800 180
800 280
800 320
800 400
800 440
800 680
820 40
820 180
820 280
820 320
820 400
820 420
820 440
820 680
820 700
820 720
820 740
820 760
820 780
840 40
840 60
840 80
840 100
840 120
840 140
840 180
840 280
840 320
860 140
860 180
860 280
860 320
880 140
880 180
880 280
880 320
880 580
880 600
880 620
900 140
900 180
900 280
900 320
900 580
900 620
920 140
920 180
920 280
920 320
920 580
920 620
940 140
940 180
940 280
940 320
940 580
940 620
960 140
960 180
960 280
960 320
960 580
960 620
980 140
980 180
980 280
980 300
980 320
980 580
980 620
count: 407