0 160
20 160
20 180
20 200
20 220
20 240
20 260
20 280
20 300
20 320
20 340
20 360
20 380
20 400
20 420
20 440
20 460
20 480
20 500
20 520
20 540
20 560
20 580
20 600
20 620
20 640
20 660
20 680
20 700
20 720
20 740
20 760
40 160
40 200
40 240
40 280
40 760
60 160
60 200
60 240
60 280
60 340
60 400
60 460
60 520
60 580
60 640
60 700
60 760
80 160
80 200
80 240
80 280
80 340
80 360
80 380
80 400
80 420
80 440
80 460
80 480
80 500
80 520
80 540
80 560
80 580
80 600
80 620
80 640
80 660
80 680
80 700
80 760
100 160
100 200
100 240
100 280
100 340
100 400
100 460
100 520
100 580
100 640
100 700
100 760
120 160
120 200
120 240
120 280
120 340
120 400
120 460
120 520
120 580
120 640
120 700
120 760
140 160
140 200
140 240
140 280
140 340
140 400
140 460
140 520
140 580
140 640
140 700
140 760
160 0
160 20
160 40
160 80
160 100
160 120
160 140
160 160
160 200
160 240
160 280
160 340
160 400
160 460
160 520
160 580
160 640
160 700
160 760
180 20
180 100
180 200
180 240
180 280
180 340
180 400
180 460
180 520
180 580
180 640
180 700
180 760
200 20
200 100
200 120
200 140
200 160
200 180
200 200
200 240
200 280
200 340
200 400
200 460
200 520
200 580
200 640
200 700
200 760
220 20
220 100
220 240
220 280
220 340
220 400
220 460
220 520
220 580
220 640
220 700
220 760
240 20
240 100
240 120
240 140
240 160
240 180
240 200
240 220
240 240
240 280
240 340
240 400
240 460
240 520
240 580
240 640
240 700
240 760
260 20
260 100
260 280
260 340
260 400
260 460
260 520
260 580
260 640
260 700
260 760
280 20
280 40
280 80
280 100
280 120
280 140
280 160
280 180
280 200
280 220
280 240
280 260
280 280
280 340
280 400
280 460
280 520
280 580
280 640
280 700
280 760
300 20
300 100
300 340
300 400
300 460
300 520
300 580
300 640
300 700
300 760
320 20
320 100
320 340
320 400
320 460
320 520
320 580
320 640
320 700
320 760
340 20
340 100
340 160
340 180
340 200
340 220
340 240
340 260
340 280
340 340
340 400
340 460
340 520
340 580
340 640
340 700
340 760
360 20
360 100
360 160
360 280
360 340
360 400
360 460
360 520
360 580
360 640
360 700
360 760
380 20
380 100
380 160
380 200
380 240
380 280
380 340
380 400
380 460
380 520
380 580
380 640
380 700
380 760
400 20
400 100
400 160
400 220
400 280
400 340
400 400
400 460
400 520
400 580
400 640
400 700
400 760
420 20
420 100
420 160
420 220
420 280
420 340
420 400
420 460
420 520
420 580
420 640
420 700
420 760
440 20
440 100
440 160
440 200
440 240
440 280
440 340
440 400
440 460
440 520
440 580
440 640
440 700
440 760
460 20
460 100
460 160
460 280
460 340
460 400
460 460
460 520
460 580
460 640
460 700
460 760
480 20
480 100
480 160
480 180
480 200
480 220
480 240
480 260
480 280
480 340
480 400
480 460
480 520
480 580
480 640
480 700
480 760
500 20
500 100
500 340
500 360
500 380
500 400
500 420
500 440
500 460
500 480
500 500
500 520
500 540
500 560
500 580
500 640
500 700
500 760
520 20
520 100
520 640
520 700
520 760
540 20
540 100
540 120
540 140
540 160
540 180
540 200
540 220
540 240
540 260
540 280
540 300
540 640
540 700
540 760
560 20
560 100
560 200
560 300
560 360
560 380
560 400
560 420
560 440
560 460
560 480
560 500
560 520
560 540
560 560
560 580
560 600
560 620
560 640
560 700
560 760
580 20
580 100
580 140
580 200
580 260
580 300
580 360
580 700
580 760
600 20
600 100
600 200
600 300
600 360
600 400
600 420
600 440
600 460
600 480
600 500
600 520
600 540
600 560
600 580
600 600
600 620
600 640
600 660
600 680
600 700
600 760
620 20
620 100
620 160
620 200
620 240
620 300
620 360
620 400
620 760
640 20
640 100
640 200
640 300
640 360
640 400
640 720
640 760
660 20
660 100
660 140
660 200
660 260
660 300
660 360
660 400
660 760
680 20
680 100
680 200
680 300
680 360
680 400
680 480
680 500
680 520
680 540
680 560
680 580
680 600
680 620
680 640
680 660
680 680
680 700
680 720
680 740
680 760
700 20
700 100
700 160
700 200
700 240
700 300
700 360
700 400
700 480
700 760
720 20
720 100
720 200
720 300
720 360
720 400
720 480
720 520
720 540
720 560
720 580
720 600
720 620
720 640
720 660
720 680
720 700
720 720
720 740
720 760
740 20
740 140
740 200
740 260
740 300
740 360
740 400
740 480
740 520
740 760
760 20
760 60
760 300
760 360
760 400
760 480
760 520
760 560
760 580
760 600
760 620
760 640
760 660
760 680
760 700
760 720
760 740
760 760
780 20
780 300
780 360
780 400
780 480
780 520
780 560
780 760
800 20
800 40
800 60
800 80
800 100
800 120
800 140
800 160
800 180
800 200
800 220
800 240
800 260
800 280
800 300
800 360
800 400
800 480
800 520
800 560
800 600
800 620
800 640
800 660
800 680
800 700
800 720
800 740
800 760
800 780
820 20
820 360
820 400
820 480
820 520
820 560
820 600
840 20
840 40
840 60
840 80
840 100
840 120
840 140
840 160
840 180
840 200
840 220
840 240
840 260
840 280
840 300
840 320
840 340
840 360
840 400
840 480
840 520
840 560
840 600
860 20
860 360
860 400
860 480
860 520
860 560
860 600
880 20
880 40
880 60
880 80
880 100
880 120
880 140
880 160
880 180
880 200
880 220
880 240
880 260
880 280
880 300
880 320
880 340
880 360
880 380
880 400
880 420
880 440
880 460
880 480
880 500
880 520
880 540
880 560
880 580
880 600
900 20
900 480
900 600
920 20
920 40
920 60
920 80
920 100
920 120
920 140
920 160
920 180
920 200
920 220
920 240
920 260
920 280
920 300
920 320
920 340
920 360
920 380
920 400
920 420
920 440
940 20
940 480
940 600
960 20
960 40
960 60
960 80
960 100
960 120
960 140
960 160
960 180
960 200
960 220
960 240
960 260
960 280
960 300
960 320
960 340
960 360
960 380
960 400
960 420
960 440
960 460
960 480
960 500
960 520
960 540
960 560
960 580
960 600
980 600
count: 711