0 0
0 20
0 40
0 60
0 80
0 100
0 120
0 140
0 160
0 180
0 200
0 220
0 240
0 260
0 280
0 300
0 320
0 340
0 360
0 380
0 400
0 420
0 440
0 460
0 480
0 500
0 520
0 540
0 560
0 580
0 600
0 620
0 640
0 660
0 680
0 700
0 720
0 740
0 760
0 780
20 0
20 140
20 620
20 640
20 780
40 0
40 140
40 640
40 660
40 780
60 0
60 140
60 200
60 220
60 240
60 260
60 280
60 300
60 320
60 660
60 680
60 780
80 0
80 140
80 200
80 320
80 400
80 420
80 440
80 460
80 480
80 500
80 520
80 540
80 560
80 680
80 700
80 780
100 0
100 140
100 200
100 320
100 400
100 560
100 580
100 700
100 720
100 780
120 0
120 140
120 200
120 260
120 320
120 400
120 580
120 600
120 720
120 740
120 780
140 0
140 20
140 40
140 60
140 80
140 140
140 200
140 220
140 240
140 260
140 320
140 400
140 600
140 620
140 740
140 760
140 780
160 0
160 140
160 320
160 400
160 620
160 640
160 760
160 780
180 0
180 140
180 320
180 400
180 640
180 660
180 780
200 0
200 60
200 80
200 100
200 120
200 140
200 160
200 180
200 200
200 220
200 240
200 260
200 280
200 300
200 320
200 400
200 660
200 680
200 780
220 0
220 60
220 200
220 400
220 680
220 700
220 780
240 0
240 60
240 200
240 400
240 700
240 720
240 780
260 0
260 60
260 80
260 100
260 120
260 140
260 200
260 400
260 720
260 740
260 780
280 0
280 60
280 200
280 400
280 740
280 760
280 780
300 0
300 60
300 200
300 260
300 280
300 300
300 320
300 340
300 400
300 420
300 440
300 460
300 480
300 500
300 520
300 540
300 560
300 580
300 600
300 620
300 640
300 660
300 680
300 700
300 720
300 740
300 760
300 780
320 0
320 60
320 120
320 140
320 160
320 180
320 200
320 260
320 280
320 320
320 340
320 780
340 0
340 60
340 300
340 340
340 780
360 0
360 60
360 320
360 340
360 360
360 380
360 400
360 460
360 480
360 500
360 520
360 540
360 560
360 580
360 600
360 620
360 640
360 660
360 720
360 780
380 0
380 60
380 120
380 140
380 160
380 180
380 200
380 220
380 240
380 300
380 340
380 400
380 460
380 660
380 720
380 780
400 0
400 60
400 120
400 240
400 320
400 340
400 400
400 460
400 660
400 720
400 780
420 0
420 60
420 120
420 240
420 300
420 340
420 400
420 460
420 520
420 600
420 660
420 720
420 780
440 0
440 60
440 120
440 180
440 240
440 320
440 340
440 400
440 460
440 520
440 600
440 660
440 720
440 780
460 0
460 60
460 120
460 180
460 240
460 300
460 340
460 400
460 460
460 480
460 500
460 520
460 600
460 620
460 640
460 660
460 720
460 780
480 0
480 60
480 120
480 180
480 240
480 320
480 340
480 400
480 720
480 780
500 0
500 60
500 120
500 180
500 240
500 300
500 340
500 400
500 720
500 780
520 0
520 60
520 120
520 180
520 240
520 260
520 280
520 300
520 320
520 340
520 400
520 420
520 440
520 460
520 480
520 500
520 520
520 540
520 560
520 580
520 600
520 620
520 640
520 660
520 680
520 700
520 720
520 780
540 0
540 60
540 120
540 180
540 660
540 720
540 780
560 0
560 60
560 120
560 180
560 660
560 720
560 780
580 0
580 60
580 120
580 180
580 200
580 220
580 240
580 260
580 280
580 300
580 320
580 340
580 360
580 380
580 400
580 420
580 440
580 460
580 480
580 500
580 520
580 540
580 560
580 580
580 600
580 660
580 720
580 780
600 0
600 60
600 120
600 600
600 660
600 720
600 780
620 0
620 60
620 120
620 600
620 660
620 720
620 780
640 0
640 60
640 120
640 180
640 200
640 220
640 240
640 260
640 280
640 300
640 320
640 340
640 360
640 380
640 400
640 420
640 440
640 460
640 480
640 500
640 520
640 540
640 600
640 660
640 720
640 780
660 0
660 60
660 120
660 180
660 540
660 600
660 660
660 720
660 780
680 0
680 60
680 120
680 180
680 540
680 600
680 660
680 720
680 780
700 0
700 60
700 120
700 180
700 240
700 260
700 280
700 300
700 320
700 340
700 360
700 380
700 400
700 420
700 440
700 460
700 480
700 540
700 600
700 660
700 720
700 780
720 0
720 60
720 120
720 180
720 240
720 260
720 280
720 300
720 320
720 340
720 360
720 380
720 400
720 420
720 480
720 540
720 600
720 660
720 720
720 780
740 0
740 60
740 120
740 180
740 240
740 260
740 280
740 300
740 320
740 340
740 360
740 380
740 400
740 420
740 480
740 540
740 600
740 780
760 0
760 60
760 120
760 180
760 480
760 540
760 600
760 780
780 0
780 60
780 120
780 180
780 480
780 540
780 600
780 620
780 640
780 660
780 680
780 700
780 720
780 740
780 760
780 780
800 0
800 60
800 120
800 180
800 200
800 220
800 240
800 260
800 280
800 300
800 320
800 340
800 360
800 380
800 400
800 420
800 440
800 460
800 480
800 540
800 600
800 780
820 0
820 120
820 540
820 600
820 780
840 0
840 120
840 540
840 600
840 780
860 0
860 20
860 40
860 60
860 80
860 100
860 120
860 140
860 160
860 180
860 200
860 220
860 240
860 260
860 280
860 300
860 320
860 340
860 360
860 380
860 400
860 420
860 440
860 460
860 480
860 500
860 520
860 540
860 600
860 780
880 0
880 600
880 780
900 0
900 600
900 780
920 0
920 60
920 80
920 100
920 120
920 140
920 160
920 180
920 200
920 220
920 240
920 260
920 280
920 300
920 320
920 340
920 360
920 380
920 400
920 420
920 440
920 460
920 480
920 500
920 520
920 540
920 560
920 580
920 600
920 780
940 0
940 780
960 0
960 780
980 0
980 20
980 40
980 60
980 80
980 100
980 120
980 140
980 160
980 180
980 200
980 220
980 240
980 260
980 280
980 300
980 320
980 340
980 360
980 380
980 400
980 420
980 440
980 460
980 480
980 500
980 520
980 540
980 560
980 580
980 600
980 620
980 640
980 660
980 680
980 700
980 720
980 740
980 760
980 780
count: 693